590
7/15/99 250,000.00 2.000000 45,000.00 295,000.00
1/15/ 0 42,500.00 42,500.00
7/15/ 0 250,000.00 2.000000 42,500.00 292,500.00
1/15/01 40,000.00 40,000.00
7/15/01 250,000.00 2.000000 40,000.00 290,000.00
1/15/02 37,500.00 37,500.00
7/15/02 250,000.00 2.000000 37,500.00 287,500.00
1/15/03 35,000.00 35,000.00
7/15/03 250,000.00 2.000000 35,000.00 285,000.00
1/15/04 32,500.00 32,500.00
7/15/04 250,000.00 2.000000 32,500.00 282,500.00
1/15/05 30,000.00 30,000.00
7/15/05 250,000.00 2.000000 30,000.00 280,000.00
1/15/06 27,500.00 27,500.00
7/15/06 250,000.00 2.000000 27,500.00 277,500.00
1/15/07 25,000.00 25,000.00
7/15/07 250,000.00 2.000000 25,000.00 275,000.00
1/15/08 22,500.00 22,500.00
7/15/08 250,000.00 2.000000 22,500.00 272,500.00
1/15/09 20,000.00 20,000.00
7/15/09 250,000.00 2.000000 20,000.00 270,000.00
1/15/10 17,500.00 17,500.00
7/15/10 250,000.00 2.000000 17,500.00 267,500.00
1/15/11 15,000.00 15,000.00
7/15/11 250,000.00 2.000000 15,000.00 265,000.00
1/15/12 12,500.00 12,500.00
7/15/12 250,000.00 2.000000 12,500.00 262,500.00
1/15/13 10,000.00 10,000.00
7/15/13 250,000.00 2.000000 10,000.00 260,000.00
1/15/14 7,500.00 7,500.00
7/15/14 250,000.00 2.000000 7,500.00 257,500.00
1/15/15 5,000.00 5,000.00
7/15/15 250,000.00 2.000000 5,000.00 255,000.00
1/15/16 2,500.00 2,500.00
7/15/16 250,000.00 2.000000 2,500.00 252,500.00
1/15/17
5,000,000.00 1,053,888.89 6,053,888.89
ACCRUED
5,000,000. 00 1,053,888.89 6,053,888.89
Dated 7/01/96 with Delivery of 7/01/96
Bond Years 52,694,444
Average Coupon 2.000000
Average Life 10.538889
NIC % 2.000000 % using 100.0000000
Tie $ 1.999955 % From Delivery Date
337, 500.0
332,500.0
327,500.00
322,500.0
317,500.0'
312,500.0
307,500.0
302,500.0
297, 500.0
292,500.0
287,500.0'
282,500.0
277,500.0'
272,500.0!
267, 500.0
262,500.0
257, 500.0
252,500.0